{
 "cells": [
  {
   "cell_type": "code",
   "execution_count": 25,
   "id": "5394253d-a91a-4dc8-9473-8a02edcde753",
   "metadata": {
    "collapsed": true,
    "jupyter": {
     "outputs_hidden": true
    }
   },
   "outputs": [
    {
     "name": "stdout",
     "output_type": "stream",
     "text": [
      "[0 0 0 0 0 0 0 0 0 0 0 0 0 0 0 0 0 0 0 1 1 1 0 0 0 0 0 0 0 0 0 0 0 0 0 0 0\n",
      " 1 0 0 0 0 0 0 0 0 1 0 1 1 1 1 1 0 0 1 0 0 1 1 1 1 0 1 0 0 1 1 1 1 0 1 0 0\n",
      " 1 0 1 0 0 1 1 1 0 0 1 0 0 0 1 1 1 0 1 1 0 0 1 1 1 0 0 1 1 1 1 0 1 1 0 1 1\n",
      " 1 1 1 1 1 1 0 0 0 1 0 0 1 1 1 0 0 1 0 1 0 0 1 0 0 1 1 0 1 1 0 1 1 1 1 0 1\n",
      " 1 1 1 1 1 1 1 1 0 1 1 1 1 0 0 1 0 1 1 0 0 1 1 0 0 1 1 1 1 0 1 1 0 0 0 1 0\n",
      " 1 0 1 1 1 0 1 1 0 0 1 0 0 0 0 1 0 0 0 1 0 1 0 1 1 0 1 0 0 0 0 1 1 0 0 1 1\n",
      " 1 0 1 1 1 1 1 0 0 1 1 0 1 1 0 0 1 0 1 1 1 1 0 1 1 1 1 1 0 1 0 0 0 0 0 0 0\n",
      " 0 0 0 0 0 0 0 1 1 1 1 1 1 0 1 0 1 1 0 1 1 0 1 0 0 1 1 1 1 1 1 1 1 1 1 1 1\n",
      " 1 0 1 1 0 1 0 1 1 1 1 1 1 1 1 1 1 1 1 1 1 0 1 1 1 0 1 0 1 1 1 1 0 0 0 1 1\n",
      " 1 1 0 1 0 1 0 1 1 1 0 1 1 1 1 1 1 1 0 0 0 1 1 1 1 1 1 1 1 1 1 1 0 0 1 0 0\n",
      " 0 1 0 0 1 1 1 1 1 0 1 1 1 1 1 0 1 1 1 0 1 1 0 0 1 1 1 1 1 1 0 1 1 1 1 1 1\n",
      " 1 0 1 1 1 1 1 0 1 1 0 1 1 1 1 1 1 1 1 1 1 1 1 0 1 0 0 1 0 1 1 1 1 1 0 1 1\n",
      " 0 1 0 1 1 0 1 0 1 1 1 1 1 1 1 1 0 0 1 1 1 1 1 1 0 1 1 1 1 1 1 1 1 1 1 0 1\n",
      " 1 1 1 1 1 1 0 1 0 1 1 0 1 1 1 1 1 0 0 1 0 1 0 1 1 1 1 1 0 1 1 0 1 0 1 0 0\n",
      " 1 1 1 0 1 1 1 1 1 1 1 1 1 1 1 0 1 0 0 1 1 1 1 1 1 1 1 1 1 1 1 1 1 1 1 1 1\n",
      " 1 1 1 1 1 1 1 0 0 0 0 0 0 1]\n",
      "[np.int64(0), np.int64(1)]\n",
      "clase: 0 \n",
      "clase: 1 \n",
      "medias_k: [array([1.74628302e+01, 2.16049057e+01, 1.15365377e+02, 9.78376415e+02,\n",
      "       1.02898491e-01, 1.45187783e-01, 1.60774717e-01, 8.79900000e-02,\n",
      "       1.92908962e-01, 6.26800943e-02, 6.09082547e-01, 1.21091462e+00,\n",
      "       4.32392925e+00, 7.26724057e+01, 6.78009434e-03, 3.22811651e-02,\n",
      "       4.18240094e-02, 1.50604717e-02, 2.04724009e-02, 4.06240566e-03,\n",
      "       2.11348113e+01, 2.93182075e+01, 1.41370330e+02, 1.42228632e+03,\n",
      "       1.44845236e-01, 3.74824104e-01, 4.50605566e-01, 1.82237311e-01,\n",
      "       3.23467925e-01, 9.15299528e-02]), array([1.21465238e+01, 1.79147619e+01, 7.80754062e+01, 4.62790196e+02,\n",
      "       9.24776471e-02, 8.00846218e-02, 4.60576210e-02, 2.57174062e-02,\n",
      "       1.74185994e-01, 6.28673950e-02, 2.84082353e-01, 1.22038011e+00,\n",
      "       2.00032129e+00, 2.11351485e+01, 7.19590196e-03, 2.14382465e-02,\n",
      "       2.59967356e-02, 9.85765266e-03, 2.05838067e-02, 3.63605126e-03,\n",
      "       1.33798011e+01, 2.35150700e+01, 8.70059384e+01, 5.58899440e+02,\n",
      "       1.24959496e-01, 1.82672549e-01, 1.66237723e-01, 7.44443445e-02,\n",
      "       2.70245938e-01, 7.94420728e-02])]\n",
      "\n",
      "[1.41272917e+01 1.92896485e+01 9.19690334e+01 6.54889104e+02\n",
      " 9.63602812e-02 1.04340984e-01 8.87993158e-02 4.89191459e-02\n",
      " 1.81161863e-01 6.27976098e-02 4.05172056e-01 1.21685343e+00\n",
      " 2.86605923e+00 4.03370791e+01 7.04097891e-03 2.54781388e-02\n",
      " 3.18937163e-02 1.17961371e-02 2.05422988e-02 3.79490387e-03\n",
      " 1.62691898e+01 2.56772232e+01 1.07261213e+02 8.80583128e+02\n",
      " 1.32368594e-01 2.54265044e-01 2.72188483e-01 1.14606223e-01\n",
      " 2.90075571e-01 8.39458172e-02]\n",
      "m,n 569  30 \n",
      "\n",
      "SW: [[ 3.29460483e+03  1.78079656e+02  2.21649643e+04  3.30917953e+05\n",
      "  -2.56680114e+00  7.46725967e+00  2.68720903e+01  1.98507883e+01\n",
      "  -5.13248776e+00 -4.27165851e+00  1.47134648e+02 -1.00765754e+02\n",
      "   1.08531371e+03  3.05621612e+04 -1.04379927e+00 -2.83105960e-01\n",
      "   5.42208436e-01  9.66900797e-01 -1.64736278e+00 -5.27340676e-01\n",
      "   3.89597713e+03 -4.49595913e+02  2.64729898e+04  4.61982714e+05\n",
      "  -8.59509883e+00 -5.66337853e+00  1.89492845e+01  2.16949875e+01\n",
      "  -1.73314934e+01 -8.29230325e+00]\n",
      " [ 1.78079656e+02  8.69613020e+03  1.25857822e+03  2.29769582e+04\n",
      "  -5.91850403e+00 -1.41533295e+00  2.59014104e+00 -2.74664409e+00\n",
      "  -4.40795751e+00 -1.22648427e+00  2.73719262e+01  5.25328790e+02\n",
      "   2.50779914e+02  3.58134671e+03  2.52605559e-01  3.07670934e+00\n",
      "   2.79845993e+00 -8.38435301e-02  2.39001752e-01  1.42761402e-01\n",
      "   3.56596974e+02  1.08461841e+04  2.70777006e+03  5.40691342e+04\n",
      "  -5.43751999e+00  1.24750795e+01  1.38449735e+01 -5.48570382e+00\n",
      "  -1.02521347e+01 -6.73395575e-01]\n",
      " [ 2.21649643e+04  1.25857822e+03  1.50411006e+05  2.23419820e+06\n",
      "  -1.14527584e+01  8.30443212e+01  2.18949039e+02  1.46867076e+02\n",
      "  -2.36149282e+01 -2.45508278e+01  1.03566671e+03 -6.13628313e+02\n",
      "   7.81696641e+03  2.12117805e+05 -6.33726805e+00  8.19403817e+00\n",
      "   1.65205889e+01  8.87295811e+00 -8.76059464e+00 -2.31644600e+00\n",
      "   2.62063358e+04 -3.07709834e+03  1.80393684e+05  3.11643182e+06\n",
      "  -5.11912666e+01  3.66509516e+01  2.13159556e+02  1.65033912e+02\n",
      "  -1.02500122e+02 -4.72383694e+01]\n",
      " [ 3.30917953e+05  2.29769582e+04  2.23419820e+06  3.49845917e+07\n",
      "  -2.16985082e+02  7.97750815e+02  3.06389744e+03  2.11482071e+03\n",
      "  -4.54957754e+02 -3.86701229e+02  1.83185675e+04 -6.65941451e+03\n",
      "   1.34310247e+05  3.74084845e+06 -7.15777152e+01  1.73640831e+01\n",
      "   1.67557381e+02  1.02399644e+02 -1.12149031e+02 -3.97576193e+01\n",
      "   3.98278873e+05 -4.47786042e+04  2.71386413e+06  4.99548962e+07\n",
      "  -8.00002638e+02 -8.99390856e+02  1.87459744e+03  2.09424909e+03\n",
      "  -1.87446739e+03 -8.15484934e+02]\n",
      " [-2.56680114e+00 -5.91850403e+00 -1.14527584e+01 -2.16985082e+02\n",
      "   9.79058945e-02  1.87838467e-01  1.73408485e-01  8.53148238e-02\n",
      "   9.61990501e-02  3.32425747e-02  2.17354729e-01  3.14573770e-01\n",
      "   1.56155514e+00  1.81617054e+01  8.54850531e-03  3.05980623e-02\n",
      "   3.79597134e-02  1.15522023e-02  1.34126132e-02  5.40389106e-03\n",
      "  -2.52065677e+00 -6.27264491e+00 -1.12389641e+01 -2.56530887e+02\n",
      "   1.19323591e-01  3.27490403e-01  3.30675847e-01  1.14740368e-01\n",
      "   1.21106040e-01  5.52868876e-02]\n",
      " [ 7.46725967e+00 -1.41533295e+00  8.30443212e+01  7.97750815e+02\n",
      "   1.87838467e-01  1.02049623e+00  1.11850549e+00  4.28185367e-01\n",
      "   3.33458315e-01  1.21363776e-01  1.32400083e+00  8.46571238e-01\n",
      "   1.31702536e+01  1.75506429e+02  1.57868933e-02  3.02949249e-01\n",
      "   3.79552554e-01  7.38249140e-02  5.79924048e-02  3.65768086e-02\n",
      "   1.04584936e+01 -4.50333301e+00  1.24160838e+02  1.22719472e+03\n",
      "   2.15148982e-01  2.42243954e+00  2.64595490e+00  6.74724455e-01\n",
      "   4.86035728e-01  2.67745403e-01]\n",
      " [ 2.68720903e+01  2.59014104e+00  2.18949039e+02  3.06389744e+03\n",
      "   1.73408485e-01  1.11850549e+00  1.85933730e+00  6.68703728e-01\n",
      "   3.35808757e-01  1.10527363e-01  2.97594449e+00  2.04829828e+00\n",
      "   2.50041978e+01  4.85423925e+02  1.97451078e-02  3.78077730e-01\n",
      "   7.03358066e-01  1.11511230e-01  6.83302480e-02  4.73279239e-02\n",
      "   3.22907709e+01 -5.09020089e+00  2.80536186e+02  4.25337126e+03\n",
      "   1.60592235e-01  2.44664214e+00  4.01273138e+00  9.18866268e-01\n",
      "   3.34974708e-01  2.36678524e-01]\n",
      " [ 1.98507883e+01 -2.74664409e+00  1.46867076e+02  2.11482071e+03\n",
      "   8.53148238e-02  4.28185367e-01  6.68703728e-01  3.39410110e-01\n",
      "   1.24363363e-01  2.75255138e-02  1.57448110e+00  3.39558894e-01\n",
      "   1.24212773e+01  2.65224649e+02  5.27411599e-03  1.03756639e-01\n",
      "   1.61080756e-01  4.06269854e-02  1.82948278e-02  1.14906389e-02\n",
      "   2.42144412e+01 -8.41030486e+00  1.83595749e+02  3.00829660e+03\n",
      "   6.31236055e-02  7.22932879e-01  1.10417009e+00  4.25728673e-01\n",
      "   7.15108415e-02  4.66290010e-02]\n",
      " [-5.13248776e+00 -4.40795751e+00 -2.36149282e+01 -4.54957754e+02\n",
      "   9.61990501e-02  3.33458315e-01  3.35808757e-01  1.24363363e-01\n",
      "   3.80248923e-01  5.32285748e-02  5.00653355e-01  1.12353315e+00\n",
      "   4.09558454e+00  3.03027267e+01  9.79337433e-03  9.05782315e-02\n",
      "   1.21631220e-01  2.48308143e-02  5.80895124e-02  1.26087303e-02\n",
      "  -5.33510724e+00 -5.77629624e+00 -2.07114629e+01 -5.79233937e+02\n",
      "   1.02172997e-01  6.80778162e-01  7.00780565e-01  1.71979275e-01\n",
      "   5.41639281e-01  9.31948955e-02]\n",
      " [-4.27165851e+00 -1.22648427e+00 -2.45508278e+01 -3.86701229e+02\n",
      "   3.32425747e-02  1.21363776e-01  1.10527363e-01  2.75255138e-02\n",
      "   5.32285748e-02  2.83094083e-02  8.22026094e-03  3.62960972e-01\n",
      "   3.80838365e-01 -1.51659712e+01  4.82967678e-03  4.04758807e-02\n",
      "   5.44610256e-02  8.57243141e-03  1.14343973e-02  7.31273118e-03\n",
      "  -4.72401862e+00 -1.11912095e+00 -2.62909214e+01 -5.07879850e+02\n",
      "   4.67302249e-02  2.94272398e-01  2.96758702e-01  4.89022284e-02\n",
      "   8.41980554e-02  5.58771058e-02]\n",
      " [ 1.47134648e+02  2.73719262e+01  1.03566671e+03  1.83185675e+04\n",
      "   2.17354729e-01  1.32400083e+00  2.97594449e+00  1.57448110e+00\n",
      "   5.00653355e-01  8.22026094e-03  2.96310946e+01  1.89387018e+01\n",
      "   2.09357962e+02  4.59238909e+03  9.57799027e-02  5.35651890e-01\n",
      "   8.96068101e-01  2.74010686e-01  3.18050596e-01  7.64950226e-02\n",
      "   2.09138638e+02 -6.22757167e+01  1.45906493e+03  3.00766134e+04\n",
      "  -3.49242571e-01 -1.19134925e+00  2.13511358e-01  8.38696416e-01\n",
      "  -1.37941752e+00 -3.81555833e-01]\n",
      " [-1.00765754e+02  5.25328790e+02 -6.13628313e+02 -6.65941451e+03\n",
      "   3.14573770e-01  8.46571238e-01  2.04829828e+00  3.39558894e-01\n",
      "   1.12353315e+00  3.62960972e-01  1.89387018e+01  1.72839542e+02\n",
      "   1.44308693e+02  1.65516439e+03  3.73201699e-01  1.31378397e+00\n",
      "   1.86429811e+00  4.51774481e-01  1.06602076e+00  2.32457733e-01\n",
      "  -1.59383394e+02  7.94982459e+02 -1.00804833e+03 -1.37549761e+04\n",
      "  -5.01927061e-01 -4.31526516e+00 -4.14961096e+00 -2.32837943e+00\n",
      "  -2.41847654e+00 -2.43151676e-01]\n",
      " [ 1.08531371e+03  2.50779914e+02  7.81696641e+03  1.34310247e+05\n",
      "   1.56155514e+00  1.31702536e+01  2.50041978e+01  1.24212773e+01\n",
      "   4.09558454e+00  3.80838365e-01  2.09357962e+02  1.44308693e+02\n",
      "   1.60377094e+03  3.30569037e+04  6.49440668e-01  5.21087887e+00\n",
      "   7.67410309e+00  2.33368130e+00  2.56425040e+00  6.10124297e-01\n",
      "   1.47302432e+03 -3.79260124e+02  1.10219986e+04  2.10936293e+05\n",
      "  -2.73588973e+00  2.39252966e+00  1.24735488e+01  8.57262246e+00\n",
      "  -8.63874198e+00 -1.96395684e+00]\n",
      " [ 3.05621612e+04  3.58134671e+03  2.12117805e+05  3.74084845e+06\n",
      "   1.81617054e+01  1.75506429e+02  4.85423925e+02  2.65224649e+02\n",
      "   3.03027267e+01 -1.51659712e+01  4.59238909e+03  1.65516439e+03\n",
      "   3.30569037e+04  8.22144642e+05  8.68069191e+00  5.74741516e+01\n",
      "   1.02793557e+02  3.06153594e+01  2.94085531e+01  5.76533582e+00\n",
      "   4.14237205e+04 -8.57490506e+03  2.88251965e+05  6.01847739e+06\n",
      "  -6.23431901e+01 -1.65664811e+02  1.26561580e+02  1.75118605e+02\n",
      "  -2.46344156e+02 -7.46782031e+01]\n",
      " [-1.04379927e+00  2.52605559e-01 -6.33726805e+00 -7.15777152e+01\n",
      "   8.54850531e-03  1.57868933e-02  1.97451078e-02  5.27411599e-03\n",
      "   9.79337433e-03  4.82967678e-03  9.57799027e-02  3.73201699e-01\n",
      "   6.49440668e-01  8.68069191e+00  5.09758746e-03  1.08827804e-02\n",
      "   1.47073176e-02  3.74381561e-03  5.82333182e-03  1.95218763e-03\n",
      "  -1.47261681e+00 -4.62499557e-01 -9.44622048e+00 -1.29159760e+02\n",
      "   1.33445260e-02 -4.28028758e-03 -5.01454204e-03 -5.47339501e-03\n",
      "  -8.38215765e-03  3.79437084e-03]\n",
      " [-2.83105960e-01  3.07670934e+00  8.19403817e+00  1.73640831e+01\n",
      "   3.05980623e-02  3.02949249e-01  3.78077730e-01  1.03756639e-01\n",
      "   9.05782315e-02  4.04758807e-02  5.35651890e-01  1.31378397e+00\n",
      "   5.21087887e+00  5.74741516e+01  1.08827804e-02  1.66521132e-01\n",
      "   2.23201052e-01  3.91972797e-02  3.33498095e-02  2.10054164e-02\n",
      "  -1.12549834e+00  5.70821637e-01  1.06376972e+01 -9.05710258e+01\n",
      "   2.41318040e-02  8.09192826e-01  9.46202264e-01  1.67618888e-01\n",
      "   9.81116985e-02  9.11377617e-02]\n",
      " [ 5.42208436e-01  2.79845993e+00  1.65205889e+01  1.67557381e+02\n",
      "   3.79597134e-02  3.79552554e-01  7.03358066e-01  1.61080756e-01\n",
      "   1.21631220e-01  5.44610256e-02  8.96068101e-01  1.86429811e+00\n",
      "   7.67410309e+00  1.02793557e+02  1.47073176e-02  2.23201052e-01\n",
      "   4.84240672e-01  7.06989484e-02  4.40906445e-02  3.21023539e-02\n",
      "  -8.37469740e-01 -1.65332023e+00  1.61502023e+01  2.10800709e+01\n",
      "   2.40927596e-02  9.03450793e-01  1.77133816e+00  2.69495481e-01\n",
      "   9.77612949e-02  1.10600631e-01]\n",
      " [ 9.66900797e-01 -8.38435301e-02  8.87295811e+00  1.02399644e+02\n",
      "   1.15522023e-02  7.38249140e-02  1.11511230e-01  4.06269854e-02\n",
      "   2.48308143e-02  8.57243141e-03  2.74010686e-01  4.51774481e-01\n",
      "   2.33368130e+00  3.06153594e+01  3.74381561e-03  3.91972797e-02\n",
      "   7.06989484e-02  1.80245807e-02  9.13875745e-03  5.37161251e-03\n",
      "   6.99598787e-01 -2.14751130e+00  8.89582541e+00  8.54835309e+01\n",
      "   3.47093197e-03  1.16755646e-01  2.05051892e-01  6.41915427e-02\n",
      "  -5.80016350e-03  1.12990627e-02]\n",
      " [-1.64736278e+00  2.39001752e-01 -8.76059464e+00 -1.12149031e+02\n",
      "   1.34126132e-02  5.79924048e-02  6.83302480e-02  1.82948278e-02\n",
      "   5.80895124e-02  1.14343973e-02  3.18050596e-01  1.06602076e+00\n",
      "   2.56425040e+00  2.94085531e+01  5.82333182e-03  3.33498095e-02\n",
      "   4.40906445e-02  9.13875745e-03  3.88114354e-02  4.59177883e-03\n",
      "  -2.79259416e+00 -2.14977519e+00 -1.55639411e+01 -2.82185442e+02\n",
      "  -1.06273564e-03  4.73601689e-02  4.05739488e-02 -7.78926497e-03\n",
      "   1.13904733e-01  6.80050012e-03]\n",
      " [-5.27340676e-01  1.42761402e-01 -2.31644600e+00 -3.97576193e+01\n",
      "   5.40389106e-03  3.65768086e-02  4.73279239e-02  1.14906389e-02\n",
      "   1.26087303e-02  7.31273118e-03  7.64950226e-02  2.32457733e-01\n",
      "   6.10124297e-01  5.76533582e+00  1.95218763e-03  2.10054164e-02\n",
      "   3.21023539e-02  5.37161251e-03  4.59177883e-03  3.95278209e-03\n",
      "  -7.12107466e-01 -3.58612632e-01 -3.13354897e+00 -6.84188998e+01\n",
      "   4.72556572e-03  8.13645590e-02  1.03016606e-01  1.51478046e-02\n",
      "   7.31181497e-03  1.53663951e-02]\n",
      " [ 3.89597713e+03  3.56596974e+02  2.62063358e+04  3.98278873e+05\n",
      "  -2.52065677e+00  1.04584936e+01  3.22907709e+01  2.42144412e+01\n",
      "  -5.33510724e+00 -4.72401862e+00  2.09138638e+02 -1.59383394e+02\n",
      "   1.47302432e+03  4.14237205e+04 -1.47261681e+00 -1.12549834e+00\n",
      "  -8.37469740e-01  6.99598787e-01 -2.79259416e+00 -7.12107466e-01\n",
      "   5.26922310e+03  8.70122883e+01  3.55904838e+04  6.47465380e+05\n",
      "  -6.93717761e+00  7.31574379e+00  3.54050908e+01  3.09038831e+01\n",
      "  -1.35372287e+01 -7.83315348e+00]\n",
      " [-4.49595913e+02  1.08461841e+04 -3.07709834e+03 -4.47786042e+04\n",
      "  -6.27264491e+00 -4.50333301e+00 -5.09020089e+00 -8.41030486e+00\n",
      "  -5.77629624e+00 -1.11912095e+00 -6.22757167e+01  7.94982459e+02\n",
      "  -3.79260124e+02 -8.57490506e+03 -4.62499557e-01  5.70821637e-01\n",
      "  -1.65332023e+00 -2.14751130e+00 -2.14977519e+00 -3.58612632e-01\n",
      "   8.70122883e+01  1.69776660e+04  8.66041377e+02  2.09809318e+04\n",
      "   2.61933520e+00  4.98759870e+01  4.87887769e+01 -6.48946355e-01\n",
      "   9.24873766e+00  4.48587823e+00]\n",
      " [ 2.64729898e+04  2.70777006e+03  1.80393684e+05  2.71386413e+06\n",
      "  -1.12389641e+01  1.24160838e+02  2.80536186e+02  1.83595749e+02\n",
      "  -2.07114629e+01 -2.62909214e+01  1.45906493e+03 -1.00804833e+03\n",
      "   1.10219986e+04  2.88251965e+05 -9.44622048e+00  1.06376972e+01\n",
      "   1.61502023e+01  8.89582541e+00 -1.55639411e+01 -3.13354897e+00\n",
      "   3.55904838e+04  8.66041377e+02  2.48230178e+05  4.37996486e+06\n",
      "  -4.06135332e+01  2.00318071e+02  4.05854128e+02  2.44678972e+02\n",
      "  -6.66334561e+01 -3.95076136e+01]\n",
      " [ 4.61982714e+05  5.40691342e+04  3.11643182e+06  4.99548962e+07\n",
      "  -2.56530887e+02  1.22719472e+03  4.25337126e+03  3.00829660e+03\n",
      "  -5.79233937e+02 -5.07879850e+02  3.00766134e+04 -1.37549761e+04\n",
      "   2.10936293e+05  6.01847739e+06 -1.29159760e+02 -9.05710258e+01\n",
      "   2.10800709e+01  8.54835309e+01 -2.82185442e+02 -6.84188998e+01\n",
      "   6.47465380e+05  2.09809318e+04  4.37996486e+06  8.49747956e+07\n",
      "  -7.39394018e+02  2.34411489e+02  4.00031543e+03  3.50919144e+03\n",
      "  -1.92756727e+03 -9.22973247e+02]\n",
      " [-8.59509883e+00 -5.43751999e+00 -5.11912666e+01 -8.00002638e+02\n",
      "   1.19323591e-01  2.15148982e-01  1.60592235e-01  6.31236055e-02\n",
      "   1.02172997e-01  4.67302249e-02 -3.49242571e-01 -5.01927061e-01\n",
      "  -2.73588973e+00 -6.23431901e+01  1.33445260e-02  2.41318040e-02\n",
      "   2.40927596e-02  3.47093197e-03 -1.06273564e-03  4.72556572e-03\n",
      "  -6.93717761e+00  2.61933520e+00 -4.06135332e+01 -7.39394018e+02\n",
      "   2.43510927e-01  6.51116641e-01  6.50755567e-01  1.81772976e-01\n",
      "   2.55455507e-01  1.12695143e-01]\n",
      " [-5.66337853e+00  1.24750795e+01  3.66509516e+01 -8.99390856e+02\n",
      "   3.27490403e-01  2.42243954e+00  2.44664214e+00  7.22932879e-01\n",
      "   6.80778162e-01  2.94272398e-01 -1.19134925e+00 -4.31526516e+00\n",
      "   2.39252966e+00 -1.65664811e+02 -4.28028758e-03  8.09192826e-01\n",
      "   9.03450793e-01  1.16755646e-01  4.73601689e-02  8.13645590e-02\n",
      "   7.31574379e+00  4.98759870e+01  2.00318071e+02  2.34411489e+02\n",
      "   6.51116641e-01  9.14960030e+00  9.36742669e+00  1.95076594e+00\n",
      "   2.03691576e+00  9.99193520e-01]\n",
      " [ 1.89492845e+01  1.38449735e+01  2.13159556e+02  1.87459744e+03\n",
      "   3.30675847e-01  2.64595490e+00  4.01273138e+00  1.10417009e+00\n",
      "   7.00780565e-01  2.96758702e-01  2.13511358e-01 -4.14961096e+00\n",
      "   1.24735488e+01  1.26561580e+02 -5.01454204e-03  9.46202264e-01\n",
      "   1.77133816e+00  2.05051892e-01  4.05739488e-02  1.03016606e-01\n",
      "   3.54050908e+01  4.87887769e+01  4.05854128e+02  4.00031543e+03\n",
      "   6.50755567e-01  9.36742669e+00  1.39656342e+01  2.58593012e+00\n",
      "   1.89092193e+00  1.01207745e+00]\n",
      " [ 2.16949875e+01 -5.48570382e+00  1.65033912e+02  2.09424909e+03\n",
      "   1.14740368e-01  6.74724455e-01  9.18866268e-01  4.25728673e-01\n",
      "   1.71979275e-01  4.89022284e-02  8.38696416e-01 -2.32837943e+00\n",
      "   8.57262246e+00  1.75118605e+02 -5.47339501e-03  1.67618888e-01\n",
      "   2.69495481e-01  6.41915427e-02 -7.78926497e-03  1.51478046e-02\n",
      "   3.09038831e+01 -6.48946355e-01  2.44678972e+02  3.50919144e+03\n",
      "   1.81772976e-01  1.95076594e+00  2.58593012e+00  9.08667711e-01\n",
      "   3.97695775e-01  1.71348630e-01]\n",
      " [-1.73314934e+01 -1.02521347e+01 -1.02500122e+02 -1.87446739e+03\n",
      "   1.21106040e-01  4.86035728e-01  3.34974708e-01  7.15108415e-02\n",
      "   5.41639281e-01  8.41980554e-02 -1.37941752e+00 -2.41847654e+00\n",
      "  -8.63874198e+00 -2.46344156e+02 -8.38215765e-03  9.81116985e-02\n",
      "   9.77612949e-02 -5.80016350e-03  1.13904733e-01  7.31181497e-03\n",
      "  -1.35372287e+01  9.24873766e+00 -6.66334561e+01 -1.92756727e+03\n",
      "   2.55455507e-01  2.03691576e+00  1.89092193e+00  3.97695775e-01\n",
      "   1.79729949e+00  2.55792444e-01]\n",
      " [-8.29230325e+00 -6.73395575e-01 -4.72383694e+01 -8.15484934e+02\n",
      "   5.52868876e-02  2.67745403e-01  2.36678524e-01  4.66290010e-02\n",
      "   9.31948955e-02  5.58771058e-02 -3.81555833e-01 -2.43151676e-01\n",
      "  -1.96395684e+00 -7.46782031e+01  3.79437084e-03  9.11377617e-02\n",
      "   1.10600631e-01  1.12990627e-02  6.80050012e-03  1.53663951e-02\n",
      "  -7.83315348e+00  4.48587823e+00 -3.95076136e+01 -9.22973247e+02\n",
      "   1.12695143e-01  9.99193520e-01  1.01207745e+00  1.71348630e-01\n",
      "   2.55792444e-01  1.65851589e-01]]\n",
      "\n",
      "\n",
      "n_s :  [212, 357]\n",
      "\n",
      " SB:  [[ 3.75934180e+03  2.60942667e+03  2.63690121e+04  3.64588623e+05\n",
      "   7.36893433e+00  4.60366686e+01  8.11203763e+01  4.40350778e+01\n",
      "   1.32396500e+01 -1.32446664e-01  2.29818736e+02 -6.69337081e+00\n",
      "   1.64310254e+03  3.64437546e+04 -2.94031769e-01  7.66739804e+00\n",
      "   1.11920059e+01  3.67909102e+00 -7.87788312e-02  3.01489757e-01\n",
      "   5.48383256e+03  4.10359672e+03  3.84429181e+04  6.10530349e+05\n",
      "   1.40618859e+01  1.35876927e+02  2.01086214e+02  7.62240881e+01\n",
      "   3.76350840e+01  8.54775276e+00]\n",
      " [ 2.60942667e+03  1.81124993e+03  1.83032050e+04  2.53067513e+05\n",
      "   5.11490969e+00  3.19548786e+01  5.63071104e+01  3.05655385e+01\n",
      "   9.18987888e+00 -9.19336085e-02  1.59521313e+02 -4.64598892e+00\n",
      "   1.14050699e+03  2.52962647e+04 -2.04092733e-01  5.32207871e+00\n",
      "   7.76857232e+00  2.55372317e+00 -5.46818018e-02  2.09269456e-01\n",
      "   3.80642668e+03  2.84838020e+03  2.66839200e+04  4.23780082e+05\n",
      "   9.76060761e+00  9.43146155e+01  1.39577553e+02  5.29085088e+01\n",
      "   2.61231879e+01  5.93314874e+00]\n",
      " [ 2.63690121e+04  1.83032050e+04  1.84959186e+05  2.55732050e+06\n",
      "   5.16876435e+01  3.22913302e+02  5.68999655e+02  3.08873617e+02\n",
      "   9.28663872e+01 -9.29015735e-01  1.61200906e+03 -4.69490633e+01\n",
      "   1.15251534e+04  2.55626080e+05 -2.06241616e+00  5.37811465e+01\n",
      "   7.85036728e+01  2.58061121e+01 -5.52575442e-01  2.11472845e+00\n",
      "   3.84650439e+04  2.87837067e+04  2.69648738e+05  4.28242045e+06\n",
      "   9.86337662e+01  9.53076500e+02  1.41047159e+03  5.34655802e+02\n",
      "   2.63982378e+02  5.99561860e+01]\n",
      " [ 3.64588623e+05  2.53067513e+05  2.55732050e+06  3.53585472e+07\n",
      "   7.14654258e+02  4.46472987e+03  7.86721929e+03  4.27061152e+03\n",
      "   1.28400822e+03 -1.28449472e+01  2.22882891e+04 -6.49136732e+02\n",
      "   1.59351430e+05  3.53438954e+06 -2.85157998e+01  7.43599876e+02\n",
      "   1.08542352e+03  3.56805740e+02 -7.64013148e+00  2.92390906e+01\n",
      "   5.31833249e+05  3.97975167e+05  3.72827248e+06  5.92104766e+07\n",
      "   1.36375033e+03  1.31776210e+04  1.95017505e+04  7.39236729e+03\n",
      "   3.64992709e+03  8.28978470e+02]\n",
      " [ 7.36893433e+00  5.11490969e+00  5.16876435e+01  7.14654258e+02\n",
      "   1.44443352e-02  9.02395169e-02  1.59009411e-01  8.63160664e-02\n",
      "   2.59519130e-02 -2.59617460e-04  4.50482895e-01 -1.31201185e-02\n",
      "   3.22075389e+00  7.14358121e+01 -5.76351104e-04  1.50293737e-02\n",
      "   2.19381904e-02  7.21162948e-03 -1.54419594e-04  5.90969999e-04\n",
      "   1.07492226e+01  8.04373116e+00  7.53545045e+01  1.19674089e+03\n",
      "   2.75636320e-02  2.66341344e-01  3.94162378e-01  1.49411873e-01\n",
      "   7.37710156e-02  1.67550151e-02]\n",
      " [ 4.60366686e+01  3.19548786e+01  3.22913302e+02  4.46472987e+03\n",
      "   9.02395169e-02  5.63762214e-01  9.93395142e-01  5.39250856e-01\n",
      "   1.62131940e-01 -1.62193370e-03  2.81434612e+00 -8.19666076e-02\n",
      "   2.01213327e+01  4.46287979e+02 -3.60069497e-03  9.38944851e-02\n",
      "   1.37056616e-01  4.50539225e-02 -9.64720725e-04  3.69202503e-03\n",
      "   6.71546764e+01  5.02523933e+01  4.70769612e+02  7.47651713e+03\n",
      "   1.72200991e-01  1.66394049e+00  2.46248941e+00  9.33435498e-01\n",
      "   4.60876926e-01  1.04675255e-01]\n",
      " [ 8.11203763e+01  5.63071104e+01  5.68999655e+02  7.86721929e+03\n",
      "   1.59009411e-01  9.93395142e-01  1.75044351e+00  9.50204124e-01\n",
      "   2.85689742e-01 -2.85797987e-03  4.95910810e+00 -1.44431868e-01\n",
      "   3.54554343e+01  7.86395930e+02 -6.34471911e-03  1.65449764e-01\n",
      "   2.41504970e-01  7.93886973e-02 -1.69991684e-03  6.50565014e-03\n",
      "   1.18332034e+02  8.85488280e+01  8.29534569e+02  1.31742348e+04\n",
      "   3.03432233e-01  2.93199927e+00  4.33910780e+00  1.64478971e+00\n",
      "   8.12102846e-01  1.84446363e-01]\n",
      " [ 4.40350778e+01  3.05655385e+01  3.08873617e+02  4.27061152e+03\n",
      "   8.63160664e-02  5.39250856e-01  9.50204124e-01  5.15805207e-01\n",
      "   1.55082737e-01 -1.55141497e-03  2.69198346e+00 -7.84028482e-02\n",
      "   1.92464937e+01  4.26884188e+02 -3.44414329e-03  8.98121232e-02\n",
      "   1.31097643e-01  4.30950597e-02 -9.22776418e-04  3.53150248e-03\n",
      "   6.42349129e+01  4.80675104e+01  4.50301403e+02  7.15145173e+03\n",
      "   1.64714004e-01  1.59159538e+00  2.35542484e+00  8.92851416e-01\n",
      "   4.40838833e-01  1.00124165e-01]\n",
      " [ 1.32396500e+01  9.18987888e+00  9.28663872e+01  1.28400822e+03\n",
      "   2.59519130e-02  1.62131940e-01  2.85689742e-01  1.55082737e-01\n",
      "   4.66273995e-02 -4.66450662e-04  8.09375629e-01 -2.35727134e-02\n",
      "   5.78667854e+00  1.28347615e+02 -1.03552109e-03  2.70030425e-02\n",
      "   3.94160064e-02  1.29570228e-02 -2.77443289e-04  1.06178663e-03\n",
      "   1.93129616e+01  1.44520470e+01  1.35388269e+02  2.15016579e+03\n",
      "   4.95231500e-02  4.78531362e-01  7.08185429e-01  2.68445994e-01\n",
      "   1.32543239e-01  3.01034758e-02]\n",
      " [-1.32446664e-01 -9.19336085e-02 -9.29015735e-01 -1.28449472e+01\n",
      "  -2.59617460e-04 -1.62193370e-03 -2.85797987e-03 -1.55141497e-03\n",
      "  -4.66450662e-04  4.66627396e-06 -8.09682294e-03  2.35816449e-04\n",
      "  -5.78887107e-02 -1.28396245e+00  1.03591344e-05 -2.70132737e-04\n",
      "  -3.94309408e-04 -1.29619321e-04  2.77548409e-06 -1.06218893e-05\n",
      "  -1.93202791e-01 -1.44575227e-01 -1.35439567e+00 -2.15098047e+01\n",
      "  -4.95419139e-04 -4.78712673e-03 -7.08453754e-03 -2.68547706e-03\n",
      "  -1.32593459e-03 -3.01148817e-04]\n",
      " [ 2.29818736e+02  1.59521313e+02  1.61200906e+03  2.22882891e+04\n",
      "   4.50482895e-01  2.81434612e+00  4.95910810e+00  2.69198346e+00\n",
      "   8.09375629e-01 -8.09682294e-03  1.40494412e+01 -4.09183869e-01\n",
      "   1.00447304e+02  2.22790533e+03 -1.79749577e-02  4.68728789e-01\n",
      "   6.84197603e-01  2.24912789e-01 -4.81596312e-03  1.84308846e-02\n",
      "   3.35241523e+02  2.50863972e+02  2.35011960e+03  3.73233723e+04\n",
      "   8.59641135e-01  8.30652419e+00  1.22929443e+01  4.65978476e+00\n",
      "   2.30073452e+00  5.22547256e-01]\n",
      " [-6.69337081e+00 -4.64598892e+00 -4.69490633e+01 -6.49136732e+02\n",
      "  -1.31201185e-02 -8.19666076e-02 -1.44431868e-01 -7.84028482e-02\n",
      "  -2.35727134e-02  2.35816449e-04 -4.09183869e-01  1.19173024e-02\n",
      "  -2.92548408e+00 -6.48867745e+01  5.23512830e-04 -1.36515223e-02\n",
      "  -1.99269578e-02 -6.55048724e-03  1.40262833e-04 -5.36791504e-04\n",
      "  -9.76376364e+00 -7.30630414e+00 -6.84462120e+01 -1.08702700e+03\n",
      "  -2.50366744e-02 -2.41923907e-01 -3.58026661e-01 -1.35714206e-01\n",
      "  -6.70078930e-02 -1.52189617e-02]\n",
      " [ 1.64310254e+03  1.14050699e+03  1.15251534e+04  1.59351430e+05\n",
      "   3.22075389e+00  2.01213327e+01  3.54554343e+01  1.92464937e+01\n",
      "   5.78667854e+00 -5.78887107e-02  1.00447304e+02 -2.92548408e+00\n",
      "   7.18153896e+02  1.59285399e+04 -1.28513014e-01  3.35120398e+00\n",
      "   4.89171090e+00  1.60802718e+00 -3.44320109e-02  1.31772691e-01\n",
      "   2.39682894e+03  1.79356668e+03  1.68023180e+04  2.66845640e+05\n",
      "   6.14605473e+00  5.93879820e+01  8.78891268e+01  3.33154045e+01\n",
      "   1.64492364e+01  3.73598226e+00]\n",
      " [ 3.64437546e+04  2.52962647e+04  2.55626080e+05  3.53438954e+06\n",
      "   7.14358121e+01  4.46287979e+02  7.86395930e+02  4.26884188e+02\n",
      "   1.28347615e+02 -1.28396245e+00  2.22790533e+03 -6.48867745e+01\n",
      "   1.59285399e+04  3.53292497e+05 -2.85039835e+00  7.43291745e+01\n",
      "   1.08497375e+02  3.56657888e+01 -7.63696558e-01  2.92269746e+00\n",
      "   5.31612869e+04  3.97810255e+04  3.72672757e+05  5.91859411e+06\n",
      "   1.36318523e+02  1.31721605e+03  1.94936694e+03  7.38930406e+02\n",
      "   3.64841464e+02  8.28634961e+01]\n",
      " [-2.94031769e-01 -2.04092733e-01 -2.06241616e+00 -2.85157998e+01\n",
      "  -5.76351104e-04 -3.60069497e-03 -6.34471911e-03 -3.44414329e-03\n",
      "  -1.03552109e-03  1.03591344e-05 -1.79749577e-02  5.23512830e-04\n",
      "  -1.28513014e-01 -2.85039835e+00  2.29972921e-05 -5.99695035e-04\n",
      "  -8.75367408e-04 -2.87755065e-04  6.16157837e-06 -2.35806083e-05\n",
      "  -4.28910452e-01 -3.20957197e-01 -3.00676018e+00 -4.77517950e+01\n",
      "  -1.09983114e-03 -1.06274277e-02 -1.57276827e-02 -5.96176264e-03\n",
      "  -2.94357654e-03 -6.68550774e-04]\n",
      " [ 7.66739804e+00  5.32207871e+00  5.37811465e+01  7.43599876e+02\n",
      "   1.50293737e-02  9.38944851e-02  1.65449764e-01  8.98121232e-02\n",
      "   2.70030425e-02 -2.70132737e-04  4.68728789e-01 -1.36515223e-02\n",
      "   3.35120398e+00  7.43291745e+01 -5.99695035e-04  1.56381079e-02\n",
      "   2.28267522e-02  7.50372188e-03 -1.60674046e-04  6.14906037e-04\n",
      "   1.11845981e+01  8.36952614e+00  7.84065856e+01  1.24521245e+03\n",
      "   2.86800409e-02  2.77128959e-01  4.10127124e-01  1.55463497e-01\n",
      "   7.67589606e-02  1.74336430e-02]\n",
      " [ 1.11920059e+01  7.76857232e+00  7.85036728e+01  1.08542352e+03\n",
      "   2.19381904e-02  1.37056616e-01  2.41504970e-01  1.31097643e-01\n",
      "   3.94160064e-02 -3.94309408e-04  6.84197603e-01 -1.99269578e-02\n",
      "   4.89171090e+00  1.08497375e+02 -8.75367408e-04  2.28267522e-02\n",
      "   3.33199273e-02  1.09530898e-02 -2.34533913e-04  8.97570720e-04\n",
      "   1.63260191e+01  1.22168936e+01  1.14449121e+02  1.81762117e+03\n",
      "   4.18639001e-02  4.04521706e-01  5.98657478e-01  2.26928140e-01\n",
      "   1.12044103e-01  2.54476725e-02]\n",
      " [ 3.67909102e+00  2.55372317e+00  2.58061121e+01  3.56805740e+02\n",
      "   7.21162948e-03  4.50539225e-02  7.93886973e-02  4.30950597e-02\n",
      "   1.29570228e-02 -1.29619321e-04  2.24912789e-01 -6.55048724e-03\n",
      "   1.60802718e+00  3.56657888e+01 -2.87755065e-04  7.50372188e-03\n",
      "   1.09530898e-02  3.60055336e-03 -7.70971372e-05  2.95053846e-04\n",
      "   5.36676903e+00  4.01599713e+00  3.76222760e+01  5.97497341e+02\n",
      "   1.37617064e-02  1.32976358e-01  1.96793620e-01  7.45969303e-02\n",
      "   3.68316868e-02  8.36528364e-03]\n",
      " [-7.87788312e-02 -5.46818018e-02 -5.52575442e-01 -7.64013148e+00\n",
      "  -1.54419594e-04 -9.64720725e-04 -1.69991684e-03 -9.22776418e-04\n",
      "  -2.77443289e-04  2.77548409e-06 -4.81596312e-03  1.40262833e-04\n",
      "  -3.44320109e-02 -7.63696558e-01  6.16157837e-06 -1.60674046e-04\n",
      "  -2.34533913e-04 -7.70971372e-05  1.65084863e-06 -6.31786411e-06\n",
      "  -1.14916372e-01 -8.59928601e-02 -8.05589998e-01 -1.27939597e+01\n",
      "  -2.94673641e-04 -2.84736691e-03 -4.21385916e-03 -1.59731274e-03\n",
      "  -7.88661443e-04 -1.79122306e-04]\n",
      " [ 3.01489757e-01  2.09269456e-01  2.11472845e+00  2.92390906e+01\n",
      "   5.90969999e-04  3.69202503e-03  6.50565014e-03  3.53150248e-03\n",
      "   1.06178663e-03 -1.06218893e-05  1.84308846e-02 -5.36791504e-04\n",
      "   1.31772691e-01  2.92269746e+00 -2.35806083e-05  6.14906037e-04\n",
      "   8.97570720e-04  2.95053846e-04 -6.31786411e-06  2.41787202e-05\n",
      "   4.39789578e-01  3.29098136e-01  3.08302534e+00  4.89629984e+01\n",
      "   1.12772788e-03  1.08969877e-02  1.61266085e-02  6.11298014e-03\n",
      "   3.01823908e-03  6.85508272e-04]\n",
      " [ 5.48383256e+03  3.80642668e+03  3.84650439e+04  5.31833249e+05\n",
      "   1.07492226e+01  6.71546764e+01  1.18332034e+02  6.42349129e+01\n",
      "   1.93129616e+01 -1.93202791e-01  3.35241523e+02 -9.76376364e+00\n",
      "   2.39682894e+03  5.31612869e+04 -4.28910452e-01  1.11845981e+01\n",
      "   1.63260191e+01  5.36676903e+00 -1.14916372e-01  4.39789578e-01\n",
      "   7.99938423e+03  5.98600460e+03  5.60775095e+04  8.90593722e+05\n",
      "   2.05123747e+01  1.98206589e+02  2.93328775e+02  1.11189713e+02\n",
      "   5.48991047e+01  1.24687904e+01]\n",
      " [ 4.10359672e+03  2.84838020e+03  2.87837067e+04  3.97975167e+05\n",
      "   8.04373116e+00  5.02523933e+01  8.85488280e+01  4.80675104e+01\n",
      "   1.44520470e+01 -1.44575227e-01  2.50863972e+02 -7.30630414e+00\n",
      "   1.79356668e+03  3.97810255e+04 -3.20957197e-01  8.36952614e+00\n",
      "   1.22168936e+01  4.01599713e+00 -8.59928601e-02  3.29098136e-01\n",
      "   5.98600460e+03  4.47937617e+03  4.19632587e+04  6.66438562e+05\n",
      "   1.53495777e+01  1.48319610e+02  2.19500320e+02  8.32041710e+01\n",
      "   4.10814487e+01  9.33049776e+00]\n",
      " [ 3.84429181e+04  2.66839200e+04  2.69648738e+05  3.72827248e+06\n",
      "   7.53545045e+01  4.70769612e+02  8.29534569e+02  4.50301403e+02\n",
      "   1.35388269e+02 -1.35439567e+00  2.35011960e+03 -6.84462120e+01\n",
      "   1.68023180e+04  3.72672757e+05 -3.00676018e+00  7.84065856e+01\n",
      "   1.14449121e+02  3.76222760e+01 -8.05589998e-01  3.08302534e+00\n",
      "   5.60775095e+04  4.19632587e+04  3.93116143e+05  6.24326530e+06\n",
      "   1.43796429e+02  1.38947343e+03  2.05630167e+03  7.79465270e+02\n",
      "   3.84855256e+02  8.74090670e+01]\n",
      " [ 6.10530349e+05  4.23780082e+05  4.28242045e+06  5.92104766e+07\n",
      "   1.19674089e+03  7.47651713e+03  1.31742348e+04  7.15145173e+03\n",
      "   2.15016579e+03 -2.15098047e+01  3.73233723e+04 -1.08702700e+03\n",
      "   2.66845640e+05  5.91859411e+06 -4.77517950e+01  1.24521245e+03\n",
      "   1.81762117e+03  5.97497341e+02 -1.27939597e+01  4.89629984e+01\n",
      "   8.90593722e+05  6.66438562e+05  6.24326530e+06  9.91522791e+07\n",
      "   2.28369980e+03  2.20668915e+04  3.26571093e+04  1.23790604e+04\n",
      "   6.11207020e+03  1.38818516e+03]\n",
      " [ 1.40618859e+01  9.76060761e+00  9.86337662e+01  1.36375033e+03\n",
      "   2.75636320e-02  1.72200991e-01  3.03432233e-01  1.64714004e-01\n",
      "   4.95231500e-02 -4.95419139e-04  8.59641135e-01 -2.50366744e-02\n",
      "   6.14605473e+00  1.36318523e+02 -1.09983114e-03  2.86800409e-02\n",
      "   4.18639001e-02  1.37617064e-02 -2.94673641e-04  1.12772788e-03\n",
      "   2.05123747e+01  1.53495777e+01  1.43796429e+02  2.28369980e+03\n",
      "   5.25987383e-02  5.08250098e-01  7.52166614e-01  2.85117578e-01\n",
      "   1.40774712e-01  3.19730236e-02]\n",
      " [ 1.35876927e+02  9.43146155e+01  9.53076500e+02  1.31776210e+04\n",
      "   2.66341344e-01  1.66394049e+00  2.93199927e+00  1.59159538e+00\n",
      "   4.78531362e-01 -4.78712673e-03  8.30652419e+00 -2.41923907e-01\n",
      "   5.93879820e+01  1.31721605e+03 -1.06274277e-02  2.77128959e-01\n",
      "   4.04521706e-01  1.32976358e-01 -2.84736691e-03  1.08969877e-02\n",
      "   1.98206589e+02  1.48319610e+02  1.38947343e+03  2.20668915e+04\n",
      "   5.08250098e-01  4.91110949e+00  7.26802141e+00  2.75502877e+00\n",
      "   1.36027523e+00  3.08948331e-01]\n",
      " [ 2.01086214e+02  1.39577553e+02  1.41047159e+03  1.95017505e+04\n",
      "   3.94162378e-01  2.46248941e+00  4.33910780e+00  2.35542484e+00\n",
      "   7.08185429e-01 -7.08453754e-03  1.22929443e+01 -3.58026661e-01\n",
      "   8.78891268e+01  1.94936694e+03 -1.57276827e-02  4.10127124e-01\n",
      "   5.98657478e-01  1.96793620e-01 -4.21385916e-03  1.61266085e-02\n",
      "   2.93328775e+02  2.19500320e+02  2.05630167e+03  3.26571093e+04\n",
      "   7.52166614e-01  7.26802141e+00  1.07560492e+01  4.07720661e+00\n",
      "   2.01309084e+00  4.57217069e-01]\n",
      " [ 7.62240881e+01  5.29085088e+01  5.34655802e+02  7.39236729e+03\n",
      "   1.49411873e-01  9.33435498e-01  1.64478971e+00  8.92851416e-01\n",
      "   2.68445994e-01 -2.68547706e-03  4.65978476e+00 -1.35714206e-01\n",
      "   3.33154045e+01  7.38930406e+02 -5.96176264e-03  1.55463497e-01\n",
      "   2.26928140e-01  7.45969303e-02 -1.59731274e-03  6.11298014e-03\n",
      "   1.11189713e+02  8.32041710e+01  7.79465270e+02  1.23790604e+04\n",
      "   2.85117578e-01  2.75502877e+00  4.07720661e+00  1.54551299e+00\n",
      "   7.63085697e-01  1.73313493e-01]\n",
      " [ 3.76350840e+01  2.61231879e+01  2.63982378e+02  3.64992709e+03\n",
      "   7.37710156e-02  4.60876926e-01  8.12102846e-01  4.40838833e-01\n",
      "   1.32543239e-01 -1.32593459e-03  2.30073452e+00 -6.70078930e-02\n",
      "   1.64492364e+01  3.64841464e+02 -2.94357654e-03  7.67589606e-02\n",
      "   1.12044103e-01  3.68316868e-02 -7.88661443e-04  3.01823908e-03\n",
      "   5.48991047e+01  4.10814487e+01  3.84855256e+02  6.11207020e+03\n",
      "   1.40774712e-01  1.36027523e+00  2.01309084e+00  7.63085697e-01\n",
      "   3.76767962e-01  8.55722652e-02]\n",
      " [ 8.54775276e+00  5.93314874e+00  5.99561860e+01  8.28978470e+02\n",
      "   1.67550151e-02  1.04675255e-01  1.84446363e-01  1.00124165e-01\n",
      "   3.01034758e-02 -3.01148817e-04  5.22547256e-01 -1.52189617e-02\n",
      "   3.73598226e+00  8.28634961e+01 -6.68550774e-04  1.74336430e-02\n",
      "   2.54476725e-02  8.36528364e-03 -1.79122306e-04  6.85508272e-04\n",
      "   1.24687904e+01  9.33049776e+00  8.74090670e+01  1.38818516e+03\n",
      "   3.19730236e-02  3.08948331e-01  4.57217069e-01  1.73313493e-01\n",
      "   8.55722652e-02  1.94353377e-02]]\n",
      "\n",
      " z:  [[ 0.08281631  0.73281266 -0.24873218 ... -0.48714763  0.45330546\n",
      "   0.63623712]\n",
      " [-0.02028516  0.63392942 -0.1552419  ... -0.40027174  0.31407003\n",
      "   0.59403868]\n",
      " [-0.05267824  0.66852516 -0.2989316  ... -0.42296783  0.31225867\n",
      "   0.65402235]\n",
      " ...\n",
      " [-0.0235123   0.63322521 -0.21501454 ... -0.43828206  0.29118956\n",
      "   0.53730007]\n",
      " [ 0.14872022  0.68159141 -0.31465273 ... -0.35061838  0.29888927\n",
      "   0.74356708]\n",
      " [ 0.01523321  0.56083601 -0.26951493 ... -0.32051679  0.33043648\n",
      "   0.38197131]]\n"
     ]
    }
   ],
   "source": [
    "import numpy as np \n",
    "import matplotlib.pyplot as plt\n",
    "from sklearn.datasets import load_breast_cancer\n",
    "from scipy.linalg import eigh\n",
    "\n",
    "data = load_breast_cancer()\n",
    "X = data.data\n",
    "y = data.target\n",
    "print(y) \n",
    "def clases(Y):\n",
    "    elementos = []\n",
    "    for y in Y:\n",
    "        if y not in elementos:\n",
    "            elementos.append(y)\n",
    "    return elementos\n",
    "clases = clases(y)\n",
    "print(clases)\n",
    "k = len(clases)\n",
    "medias_k = [0]*k\n",
